539	386	79	401	473	326	628	526
634	240	611	527	83	210	499	646	550	333	172	728	185	199	544	284	725	69	328	249	573	177	650	639	755	126	462	378	538	762	5	337	754	30	670	564	56	577	155	52	512	575	627	373	182	288	562	143	684	313	442	191	525	55	677	226	630	494	482	95	41	510	272	548	132	601	323	696	737	71	438	374	4	142	197	477	739	753	497	642	250	615	68	435	412	119	340	304	568	691	138	6	256	701	229	730	145	342	236	498	158	164	188	503	543	756	383	139	488	80	618	486	751	7	675	379	117	11	765	293	515	591	136	640	28	101	190	152	149	306	529	232	9	325	479	654	651	259	713	744	219	570	476	267	96	238	524	594	19	551	528	519	339	215	37	612	632	167	428	209	567	216	451	151	351	14	602	404	35	465	144	423	534	558	349	502	622	65	664	738	286	585	100	297	415	643	361	298	767	76	474	370	202	663	672	531	319	194	48	276	411	741	399	392	166	260	687	480	255	62	247	652	235	607	475	258	645	699	665	501	698	764	174	31	505	243	561	196	77	70	458	470	348	768	18	239	114	600	717	380	766	433	700	241	418	153	0	487	300	318	198	735	417	704	681	334	410	170	588	301	15	676	307	159	723	266	227	420	244	597	345	540	656	546	24	281	414	327	261	346	135	507	542	389	579	576	131	58	403	234	454	179	574	492	718	513	424	125	490	207	60	262	128	141	706	233	747	278	449	489	269	714	635	390	731	589	87	745	25	63	362	344	746	205	500	127	481	88	466	581	40	270	43	523	273	195	46	623	443	721	217	391	291	729	757	464	189	694	678	683	552	590	690	583	593	242	460	148	384	85	228	662	620	245	208	686	314	357	394	358	514	51	64	715	716	658	154	453	356	396	82	124	381	484	759	406	614	140	283	471	201	586	118	61	604	75	372	440	483	461	556	457	549	320	176	720	133	653	763	569	265	592	311	511	478	599	289	422	463	637	447	375	93	285	450	726	54	673	409	330	610	692	367	695	338	303	321	629	187	719	452	421	377	402	312	274	112	616	59	708	496	89	667	605	724	385	186	94	516	727	659	310	157	352	92	398	218	290	536	324	116	571	733	353	468	130	237	264	617	279	192	446	150	224	47	619	657	57	495	42	518	16	445	641	633	648	509	231	587	32	91	204	376	129	485	613	178	38	647	555	609	624	636	682	702	103	533	329	13	102	343	115	275	448	322	697	332	67	668	631	366	104	439	545	17	388	504	425	292	649	705	669	537	308	430	72	722	752	156	36	750	23	638	387	432	437	758	710	78	223	365	90	254	214	137	644	26	45	336	559	299	626	50	472	277	246	221	566	608	294	520	282	84	21	660	671	541	416	147	734	108	347	382	563	213	426	22	97	736	109	553	408	2	49	709	419	603	295	578	557	748	257	606	621	248	53	760	134	685	86	165	341	493	598	444	491	732	29	193	315	625	749	360	111	560	655	211	680	740	175	230	81	335	363	354	368	355	547	761	674	113	407	39	689	413	469	169	27	253	106	459	554	595	397	180	3	508	171	693	184	350	20	679	121	225	331	309	251	107	369	572	666	123	456	405	161	222	596	1	522	160	280	212	441	173	434	395	364	467	252	66	455	44	742	200	521	163	429	584	711	517	287	302	565	431	688
12	73	105
743
712
707
703
661
582
580
535
532
530
506
436
427
400
393
371
359
317
316
305
296
271
268
263
220
206
203
183
181
168
162
146
122
120
110
99
98
74
34
33
10
8
