336	724	815	682	297	890	121	464	456	450	884	637	657	252	137	841	119	779	661	486	800	3	889	26	65	19	11	291	458	727	6	234	109	101	282	147	309	369	726	830	608	393	266	691	270	207	489	43	845	4	204	750	157	177	173	268	334	933	251	754	184	37	758	408	366	749	704	734	526	575	79	220	257	33	50	420	178	920	364	296	906	124	360	899	411	186	170	453	916	625	462	854	568	151	382	635	764	922	166	827	945	196	371	224	239	544	241	427	583	27	329	103	10	118	304	762	725	828	770	466	548	82	799	20	498	337	858	57	174	77	179	607	534	552	624	716	930	742	821	951	531	194	924	671	771	40	499	633	913	477	192	96	476	513	508	214
116	85	720	901	107	441	83	68	589	599	818	618	580	491	892	136	67	313	767	172	595	306	556	768	673	622	813	576	421	468	536	150	714	461	660	348	381	123	176	460	480	394	280	778	905	189	357	216	341	862	902	558	474	199	941	695	295	362	106	612	630	430	373	798	790	825	603	566	785	275	797	776	359	130	672	533	73	545	570	529	374	49	867	426	419	582	881	88	789	619	667	443	677	320	261	606	89	45	277	25	840	894	539	932	134	782	439	185	586	22	955	17	912	265	47	496	66	258	388	917	729	702	54	7	298	70	247	609	744	449	706	105	567	86	787	250	832	125	409	961	436	111	581	271	681	200	707	936	737	585	638	960	692	766	253	648	314	600	611	860	152	284	303	28	870	279	158	639	400	718	44	777	738	631	614	662	112	693	655	41	187	342	669	728	602	694	739	405	647	128	627	141	447	722	14	401	802	48	588	142	383	222	129	169	748	281	301	751	437	492	640	332	352	956	349	276	8	351	368	844	431	95	896	851	753	946	816	92	484	743	76	398	375	218	516	604	135	921	519	820	69	806	641	316	666	623	873	653	269	937	555	760	674	590	225	139	564	434	64	235	285	929	156	715	688	514	878	191	850	164	530	791	717	934	127	428	339	310	596	594	615	852	290	435	493	102	522	98	231	784	518	249	110	55	675	537	831	893	577	497	808	469	322	733	755	685	399	133	705	490	386	665	343	886	206	260	855	663	315	958	263	292	190	864	646	195	159	395	338	487	703	866	670	203	719	180	925	236	36	255	350	146	472	93	506	557	59	636	616	617	390	610	900	376	883	495	857	652	442	0	459	104	377	656	842	773	154	940	407	228	413	444	684	483	849	644	367	927	215	561	354	501	12	438	62	451	58	888	91	795	148	273	822	740	838	593	781	952	885	259	38	535	312	502	711	810	416	525	678	523	865	847	387	202	165	384	856	385	879	752	300	467	938	30	811	160	527	293	696	848	700	872	863	294	910	143	264	208	326	392	87	330	701	380	551	440	18	668	528	560	171	736	221	424	286	792	23	571	361	935	871	565	687	515	747	324	117	708	569	680	193	712	584	327	333	363	311	511	168	254	613	947	272	915	433	454	370	74	659	908	509	801	90	731	628	100	21	643	308	230	931	163	698	948	697	323	649	131	226	471	579	175	39	944	46	745	634	710	84	642	52	1	473	423	494	591	504	233	953	887	94	942	457	144	891	507	780	227	521	317	149	78	35	651	950	592	410	155	31	244	835	153	598	122	211	240	403	71	547	307	274	563	391	289	80	574	237	479	16	914	188	243	481	331	954	796	943	757	689	182	713	353	24	63	645	335	601	573	475	626	15	29	488	542	907	524	432	730	167	554	198	278	183	517	690	959	859	355	903	201	463	918	836	875	919	793	9	219	868	928	238	549	761	482	578	741	414	138	805	756	814	404	397	344	658	853	302	926	75	287	205	804	448	126	422	510	465	699	5	939	267	485	340	114	108	538	824	197	97	347	553	365	904	803	378	246	210	402	417	120	709	721	319	321	877	412	686	162	650	772	358	500	406	245	794	876	823	429	145	629	229	679	140	807	846	356	923	418	597	262	425	882	774	161	328	256	837	53	732	283	72	817	455	829	242	478	113	232	812	470	541	746	209	248	445	56	957	503	325	769	826	540	911	34	897	605	562	949	318	81	51	213	415	372	759	389	520	181	60	99	869	654	895	632	735	621	543	115	546	874	788
909
898
880
861
843
839
834
833
819
809
786
783
775
765
763
723
683
676
664
620
587
572
559
550
532
512
505
452
446
396
379
346
345
305
299
288
223
217
212
132
61
42
32
13
2
